sweep_delta_G_synthetic summary
subset_ids = [1, 10, 16, 25, 28, 7]
num_repeats = 10
delta_G_values = [0.0, 0.1, 0.35938136638046275, 1.2915496650148839, 4.641588833612778, 16.68100537200059, 59.94842503189409, 215.44346900318845, 774.263682681127, 2782.559402207126, 10000.0]
windows = [("day0_weekday", 1, 0.0), ("day5_weekend", 481, 0.0)]
dec_avg = Dict("day5_weekend" => 435.31884830427975, "day0_weekday" => 427.8490343650141)

=== Window day0_weekday (dens=0.0, dec_avg=427.8490343650141) ===
11×11 DataFrame
 Row │ delta_G   mean_cost  std_cost      min_cost  max_cost  mean_benefit  std_benefit   n_A_none  n_B_local  n_C_global  n_runs
     │ Any       Float64    Float64       Float64   Float64   Float64       Float64       Int64     Int64      Int64       Int64
─────┼────────────────────────────────────────────────────────────────────────────────────────────────────────────────────────────
   1 │ 0.0         342.63    5.99182e-14   342.63    342.63        85.2187   1.49796e-14         0          0          10      10
   2 │ 0.1         362.898   8.55983       350.316   378.673       64.9509   8.55983             0          0          10      10
   3 │ 0.359381    360.918   7.69315       349.258   373.259       66.931    7.69315             0          0          10      10
   4 │ 1.29155     361.166   9.23819       345.537   378.012       66.6827   9.23819             0          0          10      10
   5 │ 4.64159     360.704   5.04781       354.327   370.037       67.1448   5.04781             0          0          10      10
   6 │ 16.681      362.632  11.5112        341.573   379.801       65.2167  11.5112              0          0          10      10
   7 │ 59.9484     361.484   9.61385       346.35    375.9         66.3652   9.61385             0          0          10      10
   8 │ 215.443     353.635   7.70802       339.85    367.619       74.2142   7.70802             0          0          10      10
   9 │ 774.264     366.602   9.79043       352.96    383.364       61.2468   9.79043             0          0          10      10
  10 │ 2782.56     365.711   6.66036       353.833   377.139       62.1378   6.66036             0          0          10      10
  11 │ 10000.0     362.041   5.97586       352.572   369.574       65.8081   5.97586             0          0          10      10

=== Window day5_weekend (dens=0.0, dec_avg=435.31884830427975) ===
11×11 DataFrame
 Row │ delta_G   mean_cost  std_cost  min_cost  max_cost  mean_benefit  std_benefit   n_A_none  n_B_local  n_C_global  n_runs
     │ Any       Float64    Float64   Float64   Float64   Float64       Float64       Int64     Int64      Int64       Int64
─────┼────────────────────────────────────────────────────────────────────────────────────────────────────────────────────────
   1 │ 0.0         353.524   0.0       353.524   353.524       81.7952   1.49796e-14         0          0          10      10
   2 │ 0.1         377.589  12.6653    356.209   397.602       57.73    12.6653              0          0          10      10
   3 │ 0.359381    367.891  10.8488    356.112   389.357       67.4276  10.8488              0          0          10      10
   4 │ 1.29155     363.03   13.6699    335.945   384.314       72.2886  13.6699              0          0          10      10
   5 │ 4.64159     363.408   9.18241   351.08    376.716       71.9109   9.18241             0          0          10      10
   6 │ 16.681      363.107  15.2804    328.822   378.203       72.2116  15.2804              0          0          10      10
   7 │ 59.9484     366.058   6.27078   359.09    378.668       69.2607   6.27078             0          0          10      10
   8 │ 215.443     361.969   7.7843    349.704   374.65        73.3503   7.7843              0          0          10      10
   9 │ 774.264     363.126   5.537     357.337   378.182       72.193    5.537               0          0          10      10
  10 │ 2782.56     364.021  12.4467    341.523   382.193       71.2981  12.4467              0          0          10      10
  11 │ 10000.0     366.141  12.4176    342.127   385.963       69.1774  12.4176              0          0          10      10

